particle charge	B0	B1	B2	B3	B4	B5	B6	B7	B8	B9	B10	B11	relative error min	relative error max	min radius	max radius
-25	-509.3981091762348	-266.438802377379	-24.71726295368965	5.716327058387933	0.1526349974022694	-0.1636043667729026	0.017101599236415	0.00242839820225022	-0.0008686216948529922	1.923413306648008e-05	3.304253490748671e-05	2.495108792310079e-06	1.61003678167404e-08	1.790278235658249e-06	1.398433494496983e-06	1e-05
-24	-508.1189085923686	-266.6946711289696	-25.31212481488967	5.611356525550128	0.1735240966300184	-0.1609013354726864	0.01607323593006748	0.002435574700103652	-0.0008285321341394395	1.555433730365527e-05	3.119315193599974e-05	2.36335328014127e-06	5.212240417051817e-09	3.535283336741912e-06	1.253653374216174e-06	1e-05
-23	-305.0010870152102	-106.1377792213444	12.65383430862338	5.423673071774297	-0.7154682373005635	-0.116673175662731	0.03700660505141122	-0.0003888337599488332	-0.001269934416879608	0.0001236675882643745	5.19899243315323e-05	3.31273519653766e-06	1.043690547319898e-07	2.853178874717699e-06	1.123862370908758e-06	1e-05
-22	-244.9539184030064	-59.7753356059747	23.36691490568633	5.404293952570248	-0.9433836524626812	-0.1062506974698098	0.0417822458945605	-0.001002482840770766	-0.001353344369062118	0.0001437722238098423	5.518091142832045e-05	3.422044637906397e-06	1.220177237026832e-07	4.279238448257061e-06	1.007508658072544e-06	1e-05
-21	-322.7372975341324	-124.6420299379122	6.663742633636902	5.197607927992649	-0.5432261407344103	-0.1167539660958925	0.03133599964262205	9.021956694313053e-05	-0.001100700222621556	9.565616800949295e-05	4.383083846085456e-05	2.827345399859257e-06	1.035163297302688e-07	3.910857166000703e-06	1.007508658072544e-06	1e-05
-20	-274.412160337898	-87.89968115060331	14.97184988945469	5.163624004626331	-0.7141914901714718	-0.1082837133750883	0.03470409118241179	-0.0003643586071314592	-0.001152838284841091	0.0001094169668923991	4.568452520735606e-05	2.873268971072767e-06	3.711605702783061e-07	5.632401285815547e-06	9.032010701366824e-07	1e-05
-19	-232.9198142574245	-56.75200019652647	21.93365224658195	5.15159715594954	-0.8488125276269231	-0.102009705775548	0.03713579394751182	-0.0006821671931327456	-0.001183431118242752	0.0001176880467448046	4.644473946847595e-05	2.867229529611404e-06	1.111929077701745e-07	7.783337449662753e-06	8.096924692009039e-07	1e-05
-18	-198.5261161512557	-31.42657717487964	27.47044070873924	5.149014638148588	-0.9468865305238334	-0.09751735255149099	0.03864164856852633	-0.000879379063470234	-0.001193025771547141	0.0001211635008896337	4.622445297071004e-05	2.814586031978101e-06	3.454041673789376e-07	1.055473448086097e-05	7.25864833819832e-07	1e-05
-17	-172.4231381856967	-12.88662604521688	31.3242971809371	5.141596598027792	-1.004385613570704	-0.09452277670584019	0.03914375728009946	-0.0009614468802216375	-0.001180305230433515	0.0001200991768270557	4.504848193904903e-05	2.716511546449047e-06	5.548487684858827e-07	1.384681794258658e-05	6.50715891548648e-07	1e-05
-16	-156.4822573619496	-2.631711454999645	33.10458091907304	5.112024033913215	-1.014762952232551	-0.09278114928835701	0.03850928926126632	-0.0009284218696734621	-0.001142858865521603	0.0001145268337157054	4.289540028212709e-05	2.572000125927694e-06	2.798483629273818e-07	1.743740025139662e-05	5.833471354241853e-07	1e-05
-15	-152.0260422991364	-1.716051608588431	32.52866139011622	5.04223963817337	-0.9742600953428269	-0.09193484871420196	0.03667528417829684	-0.0007880416414319599	-0.001079853496233977	0.0001047661198737509	3.980689392983638e-05	2.383107343807924e-06	1.662778120747888e-07	2.115084365961195e-05	5.229530811023117e-07	1e-05
-14	-61.73016341325678	68.0385144279881	49.36861240329389	5.429396495198818	-1.274400193707016	-0.08946950293709949	0.04253981427003741	-0.001221777362864718	-0.001176766980043622	0.0001181130169939108	4.220307528397497e-05	2.461862827280874e-06	3.48465399424569e-07	3.05305192841443e-05	4.202754667379372e-07	1e-05
-13	-97.14492927657255	36.67744069094535	40.62000913630052	5.182112121365186	-1.064915943414726	-0.09042744404531552	0.03679971270674854	-0.0007665780261446077	-0.001031755588312642	9.600554255273478e-05	3.626698511033949e-05	2.13680854554817e-06	1.277566421764575e-06	3.310070197826143e-05	3.767642573276692e-07	1e-05
-12	-146.8997023665464	-6.242595057888351	28.87849046746761	4.821943314688222	-0.8022386664058905	-0.09053446664869381	0.02992194950582363	-0.000260646041414285	-0.0008647658743173049	7.187495530116118e-05	2.978048380303094e-05	1.786226509981422e-06	9.769809066195734e-07	3.597876051375515e-05	3.377577727804503e-07	1e-05
-11	-178.4256375023373	-34.39163416829479	20.98476065253018	4.604765478740879	-0.6097061117554051	-0.09139181960601385	0.02462797330823753	0.0001519710898341924	-0.0007311871675291117	5.195171673152156e-05	2.439799856005668e-05	1.491987064178349e-06	3.464958686638653e-07	4.155332848532201e-05	2.714417616594906e-07	1e-05
-10	-296.3586729195716	-131.3755514421009	-4.423993521629985	3.798013458529427	-0.1023578539425698	-0.0898511741437706	0.01256155312953856	0.0009577595968349474	-0.0004641447954306801	1.617904059133091e-05	1.505589912544066e-05	1.00816567165795e-06	2.764258892562488e-06	5.407108069910294e-05	2.18146363786872e-07	1e-05
-9	-510.4031325167193	-304.5938360768525	-49.41792201694564	2.174113393469385	0.7258366578814746	-0.08141746155141717	-0.006099319843363076	0.002032951503877947	-7.276128270996476e-05	-3.124199282416446e-05	2.511689289972554e-06	3.713679106553845e-07	1.134377163536371e-06	0.0002040226681081503	1.753150868993058e-07	1e-05
-8	4178.353313834263	4485.549261157228	1781.416849673175	273.1819385922092	-7.125056479088485	-5.629227146426628	0.09726276373047428	0.122832982733543	-0.001698899121132201	-0.003126226101463798	-0.0003234066807962794	-1.053476801776258e-05	9.924181632037232e-07	0.0002764918035886854	1.408933853444354e-07	1e-05
-7	6572.514056086715	6933.018507544055	2724.940437738072	418.4788054302342	-9.118098592138789	-8.333252646248303	0.1021150183293579	0.1775103065060922	-0.001546488358382163	-0.00439001849750523	-0.0004613842643874155	-1.520727488817389e-05	2.157861734630728e-06	0.0004399955672369504	1.132301069172511e-07	1e-05
-6	10836.00610135738	11263.14954018798	4389.156648319911	677.6437320920837	-10.76898855775268	-12.82775090108534	0.07348102966817395	0.263049129096101	-0.0006456960983327601	-0.006219074324740415	-0.0006618598463013637	-2.191420846117105e-05	1.094221048747457e-05	0.000755491921684337	8.157721730960482e-08	1e-05
-5	13244.48969326418	13692.52480374107	5335.008060422446	837.6632589166563	-6.497982388602511	-14.86316076206038	-0.04668801250585537	0.2907453060123605	0.001663219677687132	-0.006490836858064379	-0.00070238792998101	-2.332644382509377e-05	3.861474563660039e-06	0.0008093949038696646	5.268797569762922e-08	1e-05
-4	3939.348058360295	4356.649327347736	1812.863787922949	311.6351030162772	2.605907274731662	-5.256878451432445	-0.111559604012803	0.1014081482963102	0.002203218918076312	-0.002185576409894963	-0.000252899709678412	-8.691571047163124e-06	2.498514381144012e-05	0.003535433654362041	3.402938804076029e-08	1e-05
-3	-16597.55421034503	-16056.43518438138	-5898.268120750244	-889.2119660970366	-0.3504481113282204	13.07583725019643	0.1494232490468151	-0.2165139600893976	-0.002794211652465418	0.004054200367153525	0.0004199948814419799	1.314554060697871e-05	0.0003752314633042042	0.007989414088281466	1.583447740985584e-08	1e-05
-2	-1659.835513521023	-1570.679812882215	-577.6912353627879	-91.23930350516117	-1.557794949413465	1.155335623940512	0.03761899218736929	-0.01754559796858345	-0.0005738538703477233	0.000296761541155013	3.307161680186769e-05	1.061947230111595e-06	6.370069595185157e-05	0.01064246406754776	5.308359169167727e-09	1e-05
-1	-16617.22828740501	-18510.15831749199	-8574.486318919518	-2059.358433507532	-243.6905119232476	-4.324870166283236	2.183703965221135	0.1571462851807606	-0.01685497582265636	-0.003127010617163033	-0.0001792894201671967	-3.731606156276321e-06	5.214135637121586e-05	0.01003409260055343	2e-10	1e-05
0	-5621.679069500176	-6021.492029778263	-2683.273901767733	-618.4448521265067	-69.41097712350172	-0.8631940173644879	0.6274158293125468	0.04027081896259262	-0.004882821850443211	-0.0008313393360197704	-4.561500654466833e-05	-9.146493742610915e-07	8.457346108770025e-06	0.004260723678051526	2e-10	1e-05
1	-12085.577530812	-13677.77682251268	-6449.478353164313	-1580.681215096111	-192.1294252436098	-3.941576642090675	1.713278893816754	0.1306168566920986	-0.01315913753436799	-0.002556221416370249	-0.0001498124995470499	-3.174146964013074e-06	3.361996799999822e-05	0.006364334855664566	2e-10	1e-05
2	-11354.61467680956	-10899.59291042145	-4002.689432182633	-619.1077816691875	-7.628923574123991	7.947009640145703	0.2015679815999752	-0.119487812808479	-0.003044229456441255	0.002004695897886738	0.000212917989332603	6.624587843893992e-06	7.485197287726564e-05	0.01193410988733912	5.921403328592062e-09	1e-05
3	-5762.099596585484	-5221.5770084735	-1770.139351236438	-234.4315177913996	4.401945475747034	3.41616445914952	-0.04403735111371697	-0.05270657643387322	0.0006638920639530103	0.0009358309401445194	7.80774730651443e-05	2.003020919000602e-06	6.272830302300747e-05	0.01230207550747497	1.76631467941791e-08	1e-05
4	13378.60207356396	13715.76464166733	5311.394724739995	835.7805988831872	-3.001882033208534	-14.10781598860074	-0.1071504601004458	0.2650825379876319	0.002569763591654288	-0.00565555896469012	-0.0006118850479816106	-2.01585481980221e-05	5.236148869758317e-05	0.001336530680184023	3.795932513098986e-08	1e-05
5	12509.73970746545	12862.05461737427	4972.182496182168	768.5799084765911	-8.728814942079397	-13.82570404203555	0.01359354798365034	0.2718674803683643	0.0004938074633403403	-0.006128190638311366	-0.0006516078026198781	-2.13992284018511e-05	4.31396539579687e-06	0.002478803917703942	5.877272896016841e-08	1e-05
6	4998.792072114649	5269.559189740842	2068.179192073846	318.5525244161262	-5.929242998902771	-6.129252652765659	0.05729731037905956	0.1266114582629724	-0.0008130031755667583	-0.003021129817489375	-0.0003146884382770838	-1.022674373607395e-05	5.048891393411026e-06	0.0005739148373860026	9.099828981430945e-08	1e-05
7	802.5779405179212	991.4037785614356	426.8546128879639	68.98756285036914	-1.589327325757557	-1.40613434651666	0.02635811455188258	0.02975536501732153	-0.0005799830188097478	-0.0007232086093049263	-6.819211053313687e-05	-1.965475488603541e-06	6.449844329292631e-06	0.0002265327469390677	1.263066628744654e-07	1e-05
8	-190.3386474000479	-53.00507350780931	13.07078680013079	3.98592217624258	-0.3938805075550054	-0.08089643580440772	0.01738059288478918	0.0004262628986530198	-0.0005200247008278088	2.95076226784186e-05	1.628731408196383e-05	1.002508555430234e-06	1.244359211449719e-06	7.725465151064981e-05	1.753150868993058e-07	1e-05
9	-110.3966033024355	14.11657587836915	31.08921839617151	4.626336153232596	-0.7569082067250793	-0.08390857840875504	0.02621159840698535	-0.0001171760276332573	-0.0007197019154280949	5.488426167102335e-05	2.32074077708173e-05	1.366890134636032e-06	1.126926836292341e-06	7.101116723529088e-05	2.18146363786872e-07	1e-05
10	-97.4061421921113	27.89359683138304	35.47298389756951	4.771829531683679	-0.8812705202791848	-0.08408940268106822	0.02997214865604058	-0.0003920001733033853	-0.0008207631719533789	6.925407277366504e-05	2.731675103129124e-05	1.597124519218445e-06	7.682771869799154e-07	5.926253382881885e-05	2.714417616594906e-07	1e-05
11	-138.572837522018	-1.67718368001294	28.89467986095969	4.616608499118067	-0.7948904873835487	-0.08470782001214135	0.02905646129180522	-0.0003399047169721219	-0.0008271275745023809	7.075887480513126e-05	2.836992334228781e-05	1.681315656649695e-06	1.725205233560345e-06	4.828360245623387e-05	3.377577727804503e-07	1e-05
12	-216.8134127327757	-61.07478253078437	14.89026468333885	4.348705739375867	-0.548967482451553	-0.08839408537383688	0.02442826196841913	4.894263480537545e-05	-0.000755099404144353	5.92618808954965e-05	2.65317523242229e-05	1.627474981612168e-06	1.293611715302845e-06	3.283252831709493e-05	4.202754667379372e-07	1e-05
13	-315.9054434466236	-137.3607380453651	-3.188957397254172	4.113278395912731	-0.1991705220880605	-0.09685448063757024	0.01722626153609003	0.0007528971223236012	-0.0006258665218104749	3.565878205455449e-05	2.218645031808871e-05	1.454374400991214e-06	5.269192890899888e-07	1.974817854710764e-05	5.229530811023117e-07	1e-05
14	-324.9392569831933	-141.9235873166287	-3.416840071812433	4.245010610639683	-0.2091733980367631	-0.1005973178019092	0.01818024393272498	0.0007656849237620671	-0.0006660912982573994	3.911488996953008e-05	2.396583690456172e-05	1.576554591434762e-06	3.553527172517335e-07	1.574568555862133e-05	5.833471354241853e-07	1e-05
15	-442.8005209541442	-233.5738338028562	-25.06004367437851	4.149608591026206	0.249965439498431	-0.1173645536515472	0.008097004299924136	0.001928194433500568	-0.000469772818929894	-2.436605651897246e-06	1.610981185751563e-05	1.237244495467725e-06	4.227151850777489e-07	8.163511589276418e-06	7.25864833819832e-07	1e-05
16	-468.2969462428611	-251.591139262604	-28.58276037443011	4.293593149423543	0.3219559971279728	-0.1249391705355127	0.007006731803357637	0.002205472809533835	-0.0004643554560558076	-9.495894580410023e-06	1.575818609816923e-05	1.258738677520811e-06	7.050838579658603e-09	6.044869855115209e-06	8.096924692009039e-07	1e-05
17	-587.2601935943467	-344.2557543635755	-50.06663166129085	4.463557494112385	0.8177623263352651	-0.1514611946576565	-0.00433010101510735	0.003790604330311876	-0.0002341677725248258	-6.821760071012119e-05	4.916682719325949e-06	7.800423452254003e-07	7.034189697385784e-08	2.743158684093139e-06	1.007508658072544e-06	1e-05
18	-618.6053024432325	-367.1298101740402	-54.66906377973493	4.688909368441514	0.9281850487434014	-0.1634558709841525	-0.006484163641605016	0.004299624025047208	-0.0002032401821482356	-8.488175119705399e-05	2.814104289871243e-06	7.197735195033497e-07	4.831506972280408e-08	1.981553780616707e-06	1.123862370908758e-06	1e-05
19	-446.3464924303348	-227.6965582467928	-20.43868063641674	4.763770743193855	0.111413010252815	-0.1309398433945345	0.01386718546348489	0.001830664121613951	-0.0006683107803034135	1.650639156140283e-05	2.451322615109985e-05	1.796735217604111e-06	4.466421033022527e-08	4.017437002845625e-06	1.253653374216174e-06	1e-05
20	-452.4279764901041	-230.2808561693639	-20.24193890426887	4.911921329513374	0.09653026112895183	-0.1350366567315658	0.01490083903692822	0.001852795507778499	-0.0007110459988138872	1.977552416948513e-05	2.639055745988092e-05	1.930171008743674e-06	2.141680521816625e-08	3.170791508244619e-06	1.398433494496983e-06	1e-05
21	-458.403356890924	-232.7514934955846	-20.00754495977019	5.060575144101498	0.08013804120170301	-0.1390942245708529	0.0159945312487927	0.001868166634911846	-0.0007558919448649739	2.34673889332877e-05	2.839179450741716e-05	2.071362064643394e-06	5.680035064514755e-08	2.46549684967956e-06	1.559933773363597e-06	1e-05
22	-464.059309399265	-233.6650489692174	-18.96733336704796	5.270608399242965	0.0367950491056194	-0.1437692462370631	0.01809926162687719	0.001806574709366221	-0.0008321832226562218	3.231437475648855e-05	3.189761284121159e-05	2.299515668604459e-06	3.491201672201072e-08	1.696791162020261e-06	1.941041620696654e-06	1e-05
23	-471.7997340666893	-237.0028434407906	-18.75303873761844	5.446870906052483	0.01683269504515203	-0.1485078682999759	0.01946878489125848	0.001811169764195383	-0.0008884642441409807	3.762198604223628e-05	3.449642555744848e-05	2.479287597307497e-06	1.901417534533323e-08	1.394912257701719e-06	2.165205847503143e-06	1e-05
24	-479.7531362312934	-240.4038971473479	-18.51442632036238	5.628414884515685	-0.004896123022580785	-0.1533362764238102	0.02093587951705311	0.001807942347017433	-0.0009486059701292183	4.361829384937547e-05	3.731876730486878e-05	2.673301858531356e-06	5.232225475104713e-08	1.140742050043109e-06	2.41525803057186e-06	1e-05
25	-487.6104352039013	-243.6906709582141	-18.23324375194759	5.81081182981824	-0.02857829472549795	-0.1581079718327843	0.0224892893454839	0.001793818665463195	-0.001011973741674548	5.034716159700762e-05	4.034955489430309e-05	2.880244685416025e-06	5.840068417750643e-08	9.860905740843862e-07	2.694187881013186e-06	1e-05