particle charge	B0	B1	B2	B3	B4	B5	B6	B7	B8	B9	B10	B11	relative error min	relative error max	min radius	max radius
-20	-607.0820165162369	-331.8029973180339	-33.61248070918666	7.223358367786306	0.2723043270294122	-0.2197660340670311	0.02130355521322201	0.003569150663602451	-0.001177408156619746	1.840850585537356e-05	4.595089313618354e-05	3.563988842242324e-06	3.660989114973034e-06	3.811714699841762e-05	1.398433494496983e-06	1e-05
-19	-638.7593536166086	-351.1943879558154	-36.44608023559643	7.501181188148665	0.3174311714119925	-0.2289856818624446	0.02117454695845002	0.003775396368743065	-0.001190028898625431	1.500485460711932e-05	4.588469813490211e-05	3.556973874520012e-06	3.56285936087275e-07	5.327670325105949e-05	1.253653374216174e-06	1e-05
-18	2898.980740450586	2470.209994624828	640.9032998840953	6.183607626252507	-15.66606319320032	0.4973847315751429	0.4070311679542769	-0.04590569015456583	-0.009640818497730316	0.001975953174371153	0.000442514646322914	2.24429291816938e-05	1.117729020450042e-07	2.015526527388012e-05	1.123862370908758e-06	1e-05
-17	2806.839764351679	2393.454718472413	623.8926981093401	7.631769647465076	-15.00992576780052	0.4215405252268484	0.3877513777220368	-0.04182435965775608	-0.00913856090125471	0.001799964269993237	0.0004080710405627589	2.072060707853199e-05	7.158670285445368e-07	2.471027132200376e-05	1.007508658072544e-06	1e-05
-16	1771.115862938486	1557.723214920564	420.7262039208462	8.002720155240352	-10.08584059177728	0.1987177682316818	0.2654009690027215	-0.02608367578859643	-0.006368869638604298	0.001161251989709969	0.0002754898651519315	1.425847451235559e-05	3.915959412292835e-08	2.997851253083716e-05	9.032010701366824e-07	1e-05
-15	-98.70463463328082	51.97214294375397	51.40097619559894	6.163908757472803	-1.549973197428578	-0.1079337848246377	0.05788217150295909	-0.002067591007683416	-0.001765820910577705	0.0001982652641740899	7.137006735973905e-05	4.33928098739103e-06	2.352076706624295e-06	0.0001385502369968261	8.096924692009039e-07	1e-05
-14	-2204.989592537921	-1643.943046768476	-367.7472615610282	2.085608554379366	7.83319677669154	-0.3817390519346243	-0.1673031732190166	0.02191246875110433	0.003172666886832684	-0.000759654337436285	-0.0001360108314399378	-5.749853685466025e-06	4.124501741253894e-06	0.0002735526374686437	7.25864833819832e-07	1e-05
-13	-2195.812384394799	-1648.262586094954	-374.2478811989745	0.5193282008425067	7.898819008700506	-0.3379185594074305	-0.170476783703109	0.02087193278187116	0.003292701983491117	-0.0007339593702414173	-0.0001364376123500739	-5.906168789282614e-06	5.008209952972464e-06	0.0001374761350322329	6.50715891548648e-07	1e-05
-12	-9056.75001803034	-7144.383410203197	-1741.152673977756	-22.28408210243983	36.66135093514588	-0.8836133390743072	-0.8384311200218615	0.08270540707862103	0.0174810102638685	-0.003170183549952652	-0.0006781956277700777	-3.208391690709657e-05	7.144757183663586e-06	0.001392231646432984	5.229530811023117e-07	1e-05
-11	-8284.134893607203	-6542.512757258758	-1603.231486301875	-24.48058400237376	33.26168231238503	-0.6840258209910985	-0.7579441586601576	0.07129963432335693	0.01576733770587816	-0.002745195818129763	-0.000596564479885002	-2.832025948544472e-05	6.869415396293377e-06	0.001204691516117018	4.688116362061805e-07	1e-05
-10	-7418.724667835716	-5875.927863046461	-1456.073950237109	-29.25972194730448	29.32543962180434	-0.3996137170039479	-0.6634894027386509	0.05662459609027573	0.01373700121348804	-0.002207436305441934	-0.0004953901708797769	-2.367421889056487e-05	1.814519386744706e-05	0.0004253916411824932	3.767642573276692e-07	1e-05
-9	-6078.520785361949	-4825.387266969401	-1208.279705857435	-29.83849407130461	23.61025692945336	-0.1625278835652458	-0.5303485188276346	0.04089870075728651	0.0109295385658842	-0.001622964684013878	-0.0003767989604180385	-1.813107016305491e-05	1.102245627615517e-05	0.0003750832160616113	3.027896379629122e-07	1e-05
-8	-4259.442192167559	-3387.296106464483	-857.1444528054984	-25.10588155862025	16.24577006623082	0.0003337198067112601	-0.3629336600670863	0.02503832670133101	0.007462499289709859	-0.001021607298387132	-0.0002466562693352695	-1.197187464379474e-05	9.914072864547485e-06	0.0005980427678098366	2.43339337728039e-07	1e-05
-7	-2678.568484631738	-2131.627113648089	-545.1680193266379	-18.5252385173663	10.01751174925822	0.07330064241653694	-0.2231702880618874	0.013549516715797	0.004596028403279263	-0.0005772076466601676	-0.000146120238584014	-7.175756412692262e-06	4.29401330770407e-06	0.0009664151170217794	1.955616238531041e-07	1e-05
-6	-22600.76105737413	-22627.62572556733	-8444.661457736063	-1202.933476103204	42.10236710773788	24.3999145586507	-0.6261791330957795	-0.519682411135898	0.01075486724024671	0.01313130922027466	0.001313660898489102	4.203050211969312e-05	5.565216506520088e-07	0.0005367849813586734	1.408933853444354e-07	1e-05
-5	-22054.35416325415	-22213.17126111518	-8395.164637446584	-1242.45533172299	28.34067617517384	23.71831129827614	-0.3080154528586587	-0.4848685280094517	0.004363249044722758	0.01154865063644359	0.001191913909889463	3.870698021101514e-05	2.162639029745783e-05	0.0006073017251457813	9.099828981430945e-08	1e-05
-4	-13601.52468503489	-13735.57779968436	-5243.315314233627	-804.2876424906566	8.456531270663787	14.21206367585281	0.002201204650125936	-0.2754672289803549	-0.0008225240564081873	0.00611544179422254	0.0006498516808341517	2.129351358851884e-05	1.40768732408425e-05	0.0007448974425329213	5.268797569762922e-08	1e-05
-3	-3351.38023404842	-3471.81695872669	-1384.440053245514	-232.8437703247716	-2.736134803915547	3.664109364890714	0.09597983189665296	-0.06713873725594161	-0.001793367244412697	0.001371888575542283	0.0001594692934073053	5.441495566532398e-06	1.629367785582758e-06	0.002782959151480746	2.197843502423164e-08	1e-05
-2	3041.183409018869	2922.698892235023	1057.366498401756	157.1179915584697	0.823262014503221	-2.013169495294669	-0.02837814265393513	0.02910917765628274	0.0003705037902094189	-0.0004679705164117066	-4.416386756672301e-05	-1.239829703266961e-06	3.384957956786838e-05	0.003642593649245685	5.921403328592062e-09	1e-05
-1	-1007.524895309062	-1040.675243476527	-469.2849239320694	-115.8668292590963	-15.19559098243806	-0.5129224269494346	0.1294915719606323	0.01354556805831291	-0.0009333294332799491	-0.0002521643602996427	-1.716223614687376e-05	-4.10791378107491e-07	0.0001830558641502389	0.01086004644476701	2e-10	1e-05
0	281.5062946265173	465.6546472257408	271.4649685988228	76.2043329878361	10.2298855248957	0.2680979868794503	-0.09111917702324648	-0.007412048343914418	0.0007025369845708473	0.0001399534697162151	8.181341058688585e-06	1.717115996912174e-07	1.983545543371434e-07	0.003865522767866336	2e-10	1e-05
1	-1650.834218604722	-1819.435729331708	-858.1337380582324	-216.0127856943512	-27.96812731921438	-0.8218428218313739	0.2430573984280168	0.02271469822276306	-0.001804755418739025	-0.0004276949221410839	-2.75602855546847e-05	-6.322499707198874e-07	3.014320199334897e-06	0.02399640745198184	2e-10	1e-05
2	2494.027337427891	2370.662114817717	845.6481754112543	122.9967116068602	0.2983562263094215	-1.570758040865236	-0.01622077540255107	0.02239582464045535	0.0001976707254210832	-0.0003556558485593634	-3.236419216884631e-05	-8.784711591417811e-07	1.311898723388438e-05	0.01946558445791857	5.921403328592062e-09	1e-05
3	-3529.537070701017	-3607.91628604986	-1413.965790197465	-231.2871024021753	-1.591537807348507	3.683464324663054	0.07404702222281472	-0.06729031327650259	-0.001423070257989115	0.001378072119861437	0.0001556799878885613	5.227354488642058e-06	1.304447794447938e-05	0.01661905860526192	2.451664896106382e-08	1e-05
4	-17008.67787602565	-16976.73706218795	-6382.786788813351	-953.5654914988024	14.79961066645172	17.03470693509979	-0.09229967918014108	-0.3302636278757919	0.0006999798211922609	0.007388777736839297	0.000766768701667703	2.476698764488763e-05	3.323532862120615e-05	0.004338635224503951	5.877272896016841e-08	1e-05
5	-9799.589562860076	-9526.799119672018	-3445.921176854857	-471.983194015505	17.64884435270711	9.152541652940355	-0.2643436754663901	-0.185056181248128	0.004496892070556496	0.004459595725647617	0.000424201341444195	1.293332984147221e-05	3.691415959683475e-06	0.003394960207975473	1.132301069172511e-07	1e-05
6	-2449.424276714613	-1905.417713172418	-474.0363777000623	-14.56170884950507	8.484821906164651	0.02661706119690031	-0.1812288602642141	0.01159577918417062	0.003569258097750547	-0.0004608916418163166	-0.0001110984206083476	-5.305425439471573e-06	5.454583833941484e-06	0.002989320036316134	1.753150868993058e-07	1e-05
7	-4498.400655378019	-3511.246443165673	-865.7765818203462	-21.65206422848301	16.2532422517324	-0.09361616130436354	-0.3519483441339651	0.02626586259638997	0.00699186624226134	-0.001008916405380725	-0.0002312175556453024	-1.094329132207614e-05	8.057956501161812e-06	0.001389514852401019	2.43339337728039e-07	1e-05
8	-3170.721998083745	-2443.160792913371	-587.5445489522034	-10.06892358201027	11.4918530886808	-0.1937639841691945	-0.2497824730476234	0.02195585841434905	0.004964231599683087	-0.0008140820072405686	-0.0001756982355445697	-8.178584134352097e-06	7.529864643807116e-06	0.0005193409500110491	3.377577727804503e-07	1e-05
9	-1449.999806398313	-1061.321247418265	-236.5122127914487	-0.2718972926922285	4.702856687833648	-0.1790499101936155	-0.0968970344970093	0.01105595426803219	0.001800166082865995	-0.0003730896503702992	-6.959696001934686e-05	-2.998269732581525e-06	1.156000594804141e-06	0.0001377618618447762	4.688116362061805e-07	1e-05
10	-732.650536690388	-481.3242286750422	-89.72301734478592	2.913364936514194	1.66675034107856	-0.1429473177460188	-0.02597677907107533	0.005096583515098226	0.0002796964453846922	-0.0001318230679036227	-1.354655100820616e-05	-2.426168049524202e-07	2.793842091008969e-08	2.861347223614974e-05	5.833471354241853e-07	1e-05
11	-330.5808878956892	-154.613268404595	-7.446338279203633	4.212030818226935	-0.1318096178132621	-0.1054400400873054	0.01724778995604294	0.0009471884762631468	-0.0006721920671820608	3.698521570200719e-05	2.453897751892812e-05	1.638070285010039e-06	1.713474606646059e-08	2.435010859236364e-05	7.25864833819832e-07	1e-05
12	42.83100910635534	147.7724393204426	67.54682954410266	4.853559026204241	-1.842442927000417	-0.0522683340050715	0.05885594513448924	-0.003603288584194939	-0.001596856937642051	0.0002206478974784279	6.433699431428624e-05	3.589466551982238e-06	1.015017461414303e-06	2.334071546294947e-05	8.096924692009039e-07	1e-05
13	672.4950257664273	651.0204467923079	188.544739636524	4.56453553870115	-4.721155448185492	0.0796868903668603	0.1288325956498557	-0.01263382261332429	-0.003143200312072756	0.0005789454102817479	0.0001373796857171941	7.099883321938065e-06	2.71013990360558e-07	9.591225775151813e-06	1.007508658072544e-06	1e-05
14	-386.178914505624	-197.8480655230125	-17.71877418584886	4.161141310312991	0.09004498018936322	-0.1133750844047439	0.01225313555458085	0.001526938898807569	-0.0005746353502175037	1.573508804652302e-05	2.078546775762318e-05	1.505038974490158e-06	9.203673680957536e-07	1.597601152369954e-05	1.253653374216174e-06	1e-05
15	-366.0212824786021	-185.1788799035491	-15.87355223797289	3.954230878113616	0.0609683977026122	-0.10604308501161	0.01213250248109098	0.001364696582431879	-0.0005530265038318771	1.749929504922014e-05	2.018207333494838e-05	1.458356364370347e-06	2.281728295194796e-08	9.896750526317e-06	1.398433494496983e-06	1e-05
16	-344.0003577766362	-171.4753798525497	-13.96030143466308	3.711695861031186	0.03227253278486639	-0.09758011118589491	0.01185260766177647	0.001186139104516271	-0.0005237227705129294	1.899438879963704e-05	1.928246479760209e-05	1.390734028526172e-06	2.621452255269219e-07	5.720912018447599e-06	1.559933773363597e-06	1e-05
17	-338.7898025893003	-167.4280746382564	-13.09658998652814	3.681029898635221	0.01263179455106846	-0.0957267563610396	0.01221912726590401	0.001110992666376417	-0.000529905256982512	2.132579671354072e-05	1.97389925630778e-05	1.422153883281284e-06	1.208662486762435e-07	6.094316671090283e-06	1.7400851644759e-06	1e-05
18	-293.9123457647365	-139.9436892929276	-9.498003631107927	3.140061679220416	-0.03745598237345067	-0.07710629065244225	0.01124558802818404	0.0007333227067662094	-0.0004531537163096908	2.35574321493129e-05	1.712738028605416e-05	1.218933316644302e-06	7.409889934972824e-08	4.896334621973253e-06	2.165205847503143e-06	1e-05
19	-254.4956878501039	-116.5642528212574	-6.831193589350701	2.608767408867503	-0.06440294302804864	-0.05962556264476717	0.009653643374841526	0.0004358693427235582	-0.0003601221931625229	2.21332907561216e-05	1.365145257542112e-05	9.689767967240733e-07	9.429202196820086e-09	4.194849336114359e-06	2.41525803057186e-06	1e-05
20	-200.3136870292997	-84.94902621713817	-3.48337143156321	1.845761337668819	-0.09036429147234422	-0.0349674225936573	0.006989215060757619	5.012761348482808e-05	-0.0002148336226284761	1.79007758223027e-05	7.993182809451387e-06	5.652529908545518e-07	1.536822891168299e-08	3.118795276368935e-06	2.694187881013186e-06	1e-05